0,475.54 120.03 2328.68 21721.65 1366.57 1600;
1,284.63 86.34 811.15 13760.59 1032.15 1638;
2,318.98 96.6 781.06 15672.95 793.41 1638;
3,260.61 75.37 790.8 13065.89 1275.24 1638;
4,323.68 84.05 2106.8 17822.47 1692.63 1600;
5,366.02 105.03 3328.47 18623.91 2078.36 1638;
6,457.86 128.94 2163.42 25990.3 1715.41 1638;
7,359.39 104.34 1575.7 18181.22 1269.9 1638;
8,184.22 67.66 1850.28 10688.34 4796.24 1638;
9,394.43 68.81 3247.49 13265.03 2418.6 1600;
10,342.78 71.79 2223.93 16409.87 1831.77 1600;
11,393.18 91.36 2550.35 21675.21 1295.22 1638;
12,424.05 124.1 2103.25 20009.81 1297.83 1638;
13,266.31 51.94 2289.08 16254.25 1763.44 1638;
14,450.5 126.46 2242.55 21739.21 1459.33 1638;
15,323.28 90.13 3038.64 17199.82 1370.92 1638;
16,281.89 67.23 2648.65 16695.86 1369.36 1638;
17,405.98 111.79 1886.54 20929.42 1083.73 1638;
18,456.52 149.03 1674.87 19235.91 2186.28 1638;
19,541.32 137.43 3314.14 26017.19 1533.32 1638;
20,337.11 80.18 2524.67 19090.54 1937.59 1638;
21,405.89 125.77 1888.27 22202.76 1780.08 1638;
22,395.41 98.15 1766.78 20694.76 1503.59 1638;
23,271.31 74.39 2761.86 16917.47 1923.49 1638;
24,131.59 23.76 6443.5 1993.73 16866.95 1638;
25,354.41 85.71 1944.64 17660.26 1729.87 1600;
26,619.42 112.25 4172.32 37771.5 1455.84 960;
27,372.86 86.05 944.06 11136.6 3649.07 1609;
28,506.07 122.69 5603.1 39036.35 1860 960;
29,302.93 57.08 3199 10635.8 5341.89 1600;
30,466.81 98.74 4085.74 18219.8 2825.11 1638;
31,318.87 69.96 1982.48 12386.09 2806.36 1600;
32,306.77 81.8 2226.25 15420.76 6448.51 960;
33,330.07 66.06 1725.65 9672.1 2828.61 1600;
34,660.59 103.5 2199.68 22056.23 1790.64 1600;
35,285.98 85.96 798.21 14101.32 2554.79 1638;
36,523.57 171.57 3206.89 33505.16 1156.48 1600;
37,190.45 61.12 553.4 7555.38 1590.77 1600;
38,372.06 47.61 1615.94 9603.01 2920.9 1600;
39,350.67 77.83 1829.95 17879.67 1473.72 1600;
40,354.05 80.32 2305.92 13092.26 2926.49 960;
41,416.79 108.67 2725.76 22677.4 2372.14 960;
42,264.86 70.04 1275.75 13691.29 1037.67 1615;
43,384.39 80.35 3777.83 26766.1 1270.17 1613;
44,494.75 109.16 5694.49 37311.88 1542.21 1615;
45,357.65 83.86 1812.41 8500.06 3173.99 1600;
46,263.63 81.24 1953.74 15050.89 3715.21 1600;
47,353.76 72.38 1753.88 8469.52 3507.77 1600;
48,349.71 116.84 1375.31 17417.64 1113.62 1600;
49,344.95 114.34 1357.59 17161.42 1066.05 1600;
50,267.52 74.47 1955.67 14784.37 1656.31 1600;
51,299.59 99.03 1132.83 14934.36 1071.84 1600;
52,320.02 88.49 905.24 14775.57 3449.99 1615;
53,509.53 110.03 6403.68 39648.97 1783.34 1613;
54,327.66 77.2 817.07 16171.12 1794.34 1613;
55,348.92 72.76 2092.03 11743.49 4334.55 1500;
56,392.05 71.09 1471.43 10781.18 3653.77 1500;
57,232.8 67.92 1066.66 11867 1456.07 1615;
58,297.85 116.96 1181.28 16299.91 1152.48 1613;
59,394.11 94.4 1346.55 20319.16 2879.95 1613;
60,348.64 83.48 1223.18 16497.98 3987.44 1600;
61,602.9 44.05 12176.92 7696.55 14108.91 1638;
62,318.21 86.45 859.63 14561.91 2068.36 1638;
63,240.21 76.51 696.53 11188.84 1164.48 1638;
64,314.28 90.02 871.32 14654.33 1290.01 1638;
65,305.6 83.96 808.08 14169.9 1165.29 1638;
66,535.95 129.53 3833.03 33596.7 1607.23 1600;
67,494.22 115.67 2436.84 24763.23 1211.06 1638;
68,384.97 79.31 1786.73 17674.91 2937.85 1600;
69,483.08 124.75 2427.78 22810.37 1295.77 1613;
70,461.35 109.94 2352.52 23025.43 1288.56 1615;
71,365.63 125.26 2041.04 19329.13 769.93 1613;
72,364.72 103.39 2431.12 17266.86 2466.29 1615;
73,333.16 71.77 2014.51 10696.95 3928.5 1615;
74,449.22 108.18 2563.44 21728.02 1817.15 1615;
75,283.09 95.39 2399.69 15334.13 1770.24 1615;
76,386.01 121.61 1608.26 19345.13 1281.5 1615;
77,258.6 68.13 2329.94 9323.84 5659.77 1615;
78,425.29 105.6 2334.47 20454.67 1709.12 1615;
79,338.12 108.06 3022.02 20228.95 1212.57 1613;
80,350.23 92.63 2871.73 18112.24 2096.17 1613;
81,351.48 69.74 3023.74 10265.6 3332.65 1615;
82,289.66 84.76 903.93 14351.92 1878.06 1697;
83,472.06 137.63 1938.65 23484.59 2012.64 1638;
84,616.46 132.53 3576.72 32590.1 2146.21 1600;
85,302.97 62.34 1223.1 8082.1 3845.43 1600;
86,269.15 91.99 2194.05 14251.69 1782.38 1600;
87,465.54 106.37 2227.1 23348.67 1568.41 1600;
88,252.88 73.65 1736.45 12112.05 1211 1600;
89,484.11 92.42 1193.06 20749.47 6348.48 1600;
90,479.29 129.75 5025.54 42566.63 1845.43 1600;
91,306.32 92.2 2833.85 16921.05 2133.84 1638;
92,287.79 95.36 2865.85 17240.84 1897.95 1638;
93,135.89 55.55 1665.54 8175.3 1169.09 1638;
94,335.31 91.49 1272.59 17324.75 1265.54 1638;
95,303.76 89.88 1294.12 15753.32 786.52 1638;
96,551.79 147.19 3179.74 27164.24 1797.44 1638;
97,486.4 116.31 2398.67 23803.19 1417.07 1638;
98,334.52 80.81 1837.1 16890.55 1181.18 1638;
99,352.63 120.05 1529.52 16872.52 1170.66 1638;
100,216.58 65.27 2208.29 13437 1483.39 1638;
101,373.69 98 1417.68 18065.36 3564.4 1638;
102,414.49 101.26 2518.41 21692.6 1104.66 1638;
103,578.31 154.58 3166.28 26803.25 1868.85 1638;
104,509.9 128.37 2206.78 24195.65 1781.51 1638;
105,562.26 124.86 3107.14 27088.29 1752.99 1638;
106,196.38 17.2 10414.33 6885.35 14186.58 1638;
107,216.4 12.73 10645.31 7419.13 14677.27 1638;
108,79.42 39.14 6110.22 2058.4 17993.36 1638;
109,144.08 41.58 12285.75 3926.34 11335.22 1638;
110,418.47 66.52 1724.52 11214.8 3944.35 1600;
111,428.15 58.9 1478.61 11176.65 2991.14 1600;
112,318.58 88.77 1096.69 7700.36 5669.73 1600;
113,361.03 91.26 1991.29 15404.1 2448.46 1600;
114,380.38 68.8 1704.25 10014.05 3392.82 1600;
115,362.86 121.59 1890.24 16713.3 1865.64 1600;
116,321.69 89.63 1657.06 16846.79 1367.21 1600;
117,352.58 43.11 1702.29 9844.07 2982.84 1600;
118,431.83 95.92 2586.44 19744.59 2821.62 1600;
119,478.92 105.27 2202.96 12521.52 4564.18 1600;
120,385.43 67.6 1983.07 9625.27 3791.86 1600;
121,341.44 52.69 3119.43 13290.96 3034.28 1600;
122,325.22 75.95 1826.85 13333.32 1161.66 1600;
123,346.06 85.78 1368.23 14117.83 2495.31 1600;
124,271.25 96.29 1941.96 14997.38 1246.55 1600;
125,331.65 76.96 1911.34 15007.35 2714.45 1600;
126,374.7 69.87 4095.86 22713.14 31130.51 1615;
127,337.07 130.82 1877.4 16983.88 1077.73 1600;
128,318.32 112.49 1571.73 16385.39 2297.22 1697;
129,278.7 94.42 1870.85 13786.11 685.18 1609;
130,306.13 91.31 1776.45 16726.22 1707.88 1609;
131,470.31 128.31 1855.09 22212.08 2039.13 1600;
132,273.09 77.37 1131.1 7611.89 2886.7 1600;
133,439.66 128.68 2030.34 21890.12 2028.57 1600;
134,334.46 100.28 2155.33 17387.61 2802.02 1600;
135,317.14 120.95 1908.47 17128.33 1948.28 1600;
136,368.99 93.29 2902.31 14048.99 2667.4 1600;
137,413.35 110.01 1927.27 20994.26 1451.21 1600;
138,312.85 100.25 1154.34 15896.73 1316.41 1600;
139,489.38 121.73 4025.59 17262.46 4492.94 1600;
140,447.3 70.46 1782.14 12108.42 3977.45 1600;
141,383.14 90.25 4134.29 15384.78 2928.53 1600;
142,526.88 98.57 1113.18 21640.32 2200.04 1600;
143,422.8 117.65 1796.48 21449.44 1594.54 1600;
144,312.47 87.42 2121.42 18838.77 1820.43 1600;
145,270.46 58.64 1714.16 14835.2 1181.08 1600;
146,367.01 76.79 1704.58 10666.76 3644.55 1600;
147,268.52 95.34 2326.71 15667.45 2323.71 1600;
148,309.37 27.45 12906.48 7610.64 14085.1 1600;
149,373.08 103.85 1748.47 18861.24 1563.67 1600;
150,346.58 129.26 3047.3 19553.8 1823.86 1638;
151,380.52 83.43 1960.83 20794.41 1883.68 1638;
152,412.09 95.86 2439.14 22424.06 3752.81 1638;
153,396.31 112.1 1973.6 20911.78 1372.07 1638;
154,371.39 76.34 2191.59 12019.08 3330.56 1638;
155,571.11 156.79 3445.52 27999.72 1461.11 1638;
156,352.53 99.64 2491.53 18614.62 1806.34 1638;
157,419.66 101.52 1694.25 21839.01 1974.82 1638;
158,290.15 110.25 2100.37 15240.56 1496.45 1638;
159,442.96 104.9 2115.13 22056.88 1332.12 1638;
160,372.77 119.56 1305.76 19173.19 1005.24 1638;
161,405.79 108.93 1769.52 20743.84 1559.19 1638;
162,352.36 76.99 1787.11 16783.57 1207.47 1638;
163,161.09 63.49 1485.77 8430.52 933.16 1638;
164,313 87.88 2620.36 18146.22 1738.62 1638;
165,423.87 92.07 1812.17 21603.74 2076.58 1638;
166,480.7 120.18 2122.19 23080.06 1885.1 1638;
167,321.91 88.16 3111.85 20199.07 1284.96 1638;
168,351.07 98.72 3421.4 19055.44 1986.25 1638;
169,464.68 130.59 2217.61 22998.74 2014.58 1638;
170,272.08 77.53 2866.97 16379.41 1430.1 1638;
171,458.11 137.27 2592.17 22971.43 1438.7 1638;
172,509.95 122.77 2519.31 24189.49 1662.34 1638;
173,259.81 83.58 2623.88 15448.5 1304.77 1638;
174,381.72 112.03 1556.48 19225.25 1073.58 1638;
175,352.55 110.5 1662.68 17634.9 1224.06 1638;
176,259.21 93.97 2461.42 14462.02 1135.23 1638;
177,470.48 87.38 2714.88 26230.95 728.15 1638;
178,317.04 110.86 2467.6 16094.89 1774.04 1638;
179,335.39 89.22 3002.09 18125.9 1815.44 1638;
180,384.96 82.65 1695.74 19996.29 1427.25 1638;
181,428.52 111.06 2008.17 20619.11 1182.16 1638;
182,340.43 69.51 3215.61 18237.47 2063.12 1638;
183,309.11 85.33 1341.83 8385.25 3558.46 1638;
184,268.22; 407.52 83.24; 134.99 1581.37; 2404.93 15619.28; 19633.2 1460.32; 1000.69 1638;
185,273.26 73.34 2527.22 16486.29 3386.44 1638;
186,501.62 138 2302.32 23225.58 1768.29 1638;
187,360.32 87.25 1630.5 19599.87 993.73 1638;
188,392.9 111.55 3189.26 21879.03 1959.89 1638;
189,482.69 134.27 2028.47 22207.39 1669.32 1638;
190,383.47 97.88 1548.82 19822.81 1386.27 1638;
191,351.75 108.92 1414.43 19826.79 1611.82 1638;
192,389.14 68.97 1931.74 21030.63 1049.1 1638;
193,345.27 71.84 1593.1 10492.03 3532.47 1638;
194,419.6 127.97 1873.34 19477.75 2145.67 1638;
195,254.43 75.74 2593.83 14753.21 1467.47 1638;
196,352.42 98.24 2435.95 17191.8 1495.66 1638;
197,314.78 72.16 2640.57 18726.81 1452.17 1638;
198,271.48 93.18 2309.47 16710.82 1051.67 1638;
199,384.87 103.23 1845.36 21000.95 1505.01 1638;
200,240.14 59.69 2466.23 15031.88 1134.99 1638;
201,436.74 131.24 2251.87 21806.55 2434.33 1638;
202,466.55 127.89 2478.45 22714.04 1278.05 1638;
203,390.91 71 1609 14086.41 3010.19 1638;
204,358.16 84.35 2139.73 17279.12 1441.81 1638;
205,206.81 60.68 2380.94 11809.99 1385.29 1638;
206,251.83 80.57 2293.58 15115.33 1482.32 1638;
207,493.4 134.53 2324.67 23109.18 1484.27 1638;
208,365.99 133.15 1420.59 17672.94 1252.98 1638;
209,510.95 143.18 2242.59 22991.81 1286.57 1638;
210,266.56 91.94 2916.82 17074.78 1162.44 1638;
211,293.8 110.83 2383.63 15484.04 1595.69 1638;
212,294.78 89.16 3025.38 17245.96 1990.74 1638;
213,369.68 84.89 2122.66 20462.47 2357.49 1638;
214,291.1 86.04 2697.84 18562.59 1596.4 1638;
215,383.09 91.04 1600.18 19499.22 1440.23 1638;
216,416.05 122.86 1862.91 20560.04 1767.1 1638;
217,295.03 88.2 1198.9 13628.29 903.04 1638;
218,254.42 87.09 2335.51 14429.45 1391.52 1638;
219,373.75 84.18 1732.34 10605.77 3508.67 1638;
220,304.3 104.31 2305.13 17481.32 1907.75 1638;
221,271.48 77.89 2987.66 15131.74 1727.18 1638;
222,231.34 72.28 2180.61 13945.71 782.96 1638;
223,326.66 115.69 2338.95 18396.1 4060.85 1638;
224,450.96 134.86 1960.3 22543.78 1179.24 1638;
225,507.42 108 2184.39 24190.82 1748.89 1638;
226,373.06 83.12 1603.75 20855.2 1235.74 1638;
227,294.87 101.97 2510.34 17869.23 1157.55 1638;
228,465.76 135.24 2239.08 21733.76 1348.1 1638;
229,392.04 97.18 3558.93 18492.31 1750.86 1638;
230,403.08 107.71 1676.45 19311.47 1395.91 1638;
231,345.55 86.42 1634.58 18932.26 899.39 1638;
232,252.65 71.19 2362.03 15572.53 3507.15 1638;
233,283.44 73.42 2839.34 17640.09 1457.22 1638;
234,429.12 124.3 1865.69 22772.2 1280.71 1638;
235,384.3 90.29 2383.53 18902.47 1405.87 1638;
236,275.22 83.74 2685.62 17685.48 1211.41 1638;
237,495.19 125.43 2958.19 24075.41 1821.62 1638;
238,372.04 73.22 1929.33 12957.57 3256.73 1638;
239,434.4 123.68 1870.23 20865.49 1593.03 1638;
240,395.06 79.49 1817.35 12103.92 3882.55 1638;
241,280.88 33.06 10698.87 5675.79 15896.69 1638;
242,318.79 96.98 2361.78 17041.84 2467.11 1600;
243,429.89 99.51 1710.89 11598.39 3641.07 1600;
244,373.97 78.32 2650.28 12972.23 5734.88 1600;
245,394.73 115.85 1683 18923.13 1617.35 1600;
246,394.75 74.34 2998.13 15247.62 2400.44 1600;
247,310.18 115.64 2318.39 16790.15 1607.16 1600;
248,378.77 64.21 1542.27 10851.8 3314.87 1600;
249,355.91 71.23 2237.1 16260.27 2163.44 1600;
250,182.54 52.46 2908.97 8400.12 6338.14 1600;
251,390.49 84.83 1550.82 9190.01 3578.1 1600;
252,421.38 124.4 2103.53 19500.21 1265.76 1638;
253,454.49 128.33 1869.64 21721.5 1582.54 1638;
254,477.53 103.99 3891.12 21557.08 2522.3 1697;
255,220.86 80.36 2125.67; 995.75 9781.86 1462.06 1609;
256,283.38 91.54 1544.07 14232.99 1511.96 1609;
257,305.05 87.1 1921.33; 903.41 15822.6 1271.49 1609;
258,312.29 115.87 1690.21 16114.8 609.58 1609;
259,294.2 110.74 2027.75 15153.21 507.58 1609;
260,355.29 133.51 2439.6 17642.29 1694.45 1609;
261,316.41 105.74 2239.62 16326.8 2303.04 1609;
262,368.56 109.95 1294.74 18993.98 1504.99 1638;
263,293.9 80.52 1354.06 16065.69 1515.36 1638;
264,416.25 377.41 2937.19 21337.05 1944.06 960;
265,306.07 105.18 2015.67 15179.38 779.34 1630;
266,273.29 76.19 1606.53 13720.44 628.99 1630;
267,385.48 112.78 2253.95 18319.25 1516.85 1609;
268,382.05 70.84 1228.78 12698.99 3190.78 1609;
269,360.25 71.33 1116.71 12786.17 4563.6 1609;
270,307.36 119.77 1905.11 15698.37 695.88 1609;
271,305.38 66.56 1009.43 10164.34 3328.61 1609;
272,223.73 69.11 668.26 8824.59 1017.78 1400;
273,307.25 199.2 2106.84 11576.52 902.92 1400;
274,693.1 94.66 4292.7 25316.02 1616.04 1400;
275,278.1 93.64 1715.83 13820.62 2291.04 1630;
276,293.26 100.04 1714.56 14784.56 918.14 1630;
277,188.21 35.54 10967.59 10062.62 13523.49 960;
278,810.01 138.35 5038.18 34769.65 2064.73 960;
279,281.48 106.59 685.57 13833.32 1650.07 960;
280,372.11 97.53 1437.59 18051.52 1149.94 960;
281,358.03 130.82 917.09 18832.99 1072.8 960;
282,408.39 169.68 997.47 21716.61 1576.48 960;
283,273.74 125.29 836.47 13178.5 797.63 960;
284,415.56 137.67 2975.13 16180.41 1058.76 1400;
285,277.36 39.54 3649.93 10960.15 1207.63 1400;
286,707.55 91.87 2136.98 14131.27 4265.47 1400;
287,392.74 105.97 945.91 19582.29 1299.03 960;
288,461.67 157.55 3852.61 22229.86 3090.57 1400;
289,444.95 140.94 3419.37 16745.01 1399.68 1400;
290,339.65 126.39 2676.91 12224.41 1041.16 1400;
291,177.33 137.1 1945.9 5810.91 616.6 1400;
292,139.15 177.13 1241.27 6184.8 667.4 1400;
293,325 123.23 2552.14 11620.24 981.17 1400;
294,381.18 113.36 2704.99 14706.93 1244.17 1400;
295,216.57 140.89 890.79 10439.83 1243.29 1400;
296,384.29 136.4 3003.68 13846.65 1454.07 1400;
297,399.62 169.36 2409.94 18585.98 1146.94 1400;
298,202.94 141.22 1561.51 9111.04 472.59 1400;
299,406.36 154.24 1706.02 15169.92 1520.99 1400;
300,445.16 145.06 1713.16 16655.99 2041.15 1400;
301,356.82 132.1 1370.27 17822.14 1611.32 1400;
302,389.99 143.84 1372.48 16849.48 1339.28 1400;
303,271.43 145.48 1048.75 13149.35 865.76 1400;
304,358.74 136.4 3481.12 17835.27 1665.55 1400;
305,278.36 234.15 1555.42 17471.8 1141.54 1400;
306,427.98 148.7 1482.31 17740.41 2224.22 1400;
307,415.04 190.78 1989.56 20809.18 1614.81 1400;
308,236.88 147.51 919.04 9560.32 2001.24 1400;
309,515.82 152.14 2056.06 18091.11 2919.39 1400;
310,378.77 124.6 2786.1 16768.84 864.07 1400;
311,466.56 150.62 1344.7 21465.9 1489.92 1400;
312,212.84 91.12 297.58 10090.88 945.61 1400;
313,303.43 146.54 1314.93 13833.33 941.09 1400;
314,290.95 154.32 1149.99 11490.98 1209.46 1400;
315,302.15 147.14 1246.64 15787.31 2005.97 1400;
316,255.13 153.83 1126.17 12357.82 1572.34 1400;
317,246.4 132.34 977.71 11135.32 935.04 1400;
318,390.44 144.48 1354.32 18067.01 1030.36 1400;
319,339.88 149.73 2164.78 18980.3 1586.58 1400;
320,301.25 164 1229.11 12916.87 1292.18 1400;
321,235.11 136.94 1078.93 10425.82 941.75 1400;
322,361.65 153.6 1393.87 16415.44 1259.56 1400;
323,312.49 145.13 2458.83 12336.38 996.98 1400;
324,340.93 135.37 2839.56 14473.91 1709.67 1400;
325,380.44 138.7 2597.2 11649.92 4193.44 1400;
326,335.1 153.96 1799.32 15213.02 1305.66 1400;
327,391.27 166.12 3877.61 17697.47 1520.74 1400;
328,456 143.53 3208.5 21147.51 1381.51 1400;
329,338.41 109.54 2813.11 13878.21 1393.3 1400;
330,411.96 81.46 1912.9 11579.63 4584.61 1400;
331,550.84 150.8 4846.79 25992.68 6652.46 960;
332,415.56 98.14 1280.63 18636.2 2459.79 960;
333,321.68 143.43 3289.21 16276.34 1013.16 1400;
334,302.99 106.57 1009.96 16584.65 7334.25 1735;
335,305.29 116.59 915.08 18935.61 1144.19 1735;
336,344.57 91.43 901.67 17588.84 833.48 1735;
337,246.66 101.58 776.67 12576.65 1007.73 1735;
338,328.15 92.31 988 17564.33 1858.08 1697;
339,282.94 95.38 849.52 15202.64 1302.7 1697;
340,276.67 110.3 909.07 13181.96 2383.98 1697;
341,278.02 123.9 896.33 13069.56 1927.99 1697;
342,910.3 121.45 3590.91 27955.28 3085.87 960;
343,458.81 9.09 10609.72 14005.62 3158.54 960;
344,196.13 54.31 1064.72 16842.69 496.64 960;
345,573.7 106.61 4747.49 19728.44 3882.02 960;
346,531.06 50.99 4582.65 26190.7 4349.16 960;
347,356.44 91.3 3934.7 13116.72 4344.31 960;
348,376.71 79.33 2408.66 17485.6 4678.41 960;
349,412.23 47.42 4655.4 26339.95 6732.9 960;
350,313.67 88.2 4036.75 14876.41 4488.05 960;
351,540.05 119.05 7004.15 19545.52 5384.87 1830;
352,324.2 96.01 3178.25 15472.87 2025.37 1370;
353,239.55 7.1 12088.96 10923.56 6077.14 960;
354,324.41 23.57 15188.02 11070.41 20420.1 960;
355,321.96 84.76 4449.44 16843.99 3390.71 1200;
356,340.55 88.77 2049.88 17128.68 3478.84 1380;
357,363.41 174.08 1193.62 21993.65 3344.91 960;
358,740.73 97.58 3361.45 27668.29 1768.7 960;
359,199.19 105.23 842.01 13589.86 4176.98 960;
360,816 88.68 5315.39 32265.99 1649.94 960;
361,301.77 139.66 944.38 18367.06 1238.59 960;
362,586.76 341.86 4581.68 23842.83 1726.97 960;
363,346.21 100.64 859.19 15774.47 2127.48 960;
364,427.48 110.96 1190.7 18728.19 2027.71 960;
365,323.6 95.21 790.19 13888.32 1656.63 960;
366,273.24 110.5 793.02 15182.57 1943.5 960;
367,396.91 109.74 980.3 18237.23 2041.82 960;
368,338.34 115.53 923.93 16737.86 1270.81 960;
369,290.77 71.12 762.13 13630.88 1491.78 960;
370,374.92 99.16 1018.59 17882.24 3188.13 960;
371,272.03 63.04 814.8 13160.22 1561.81 1500;
372,288.92 69.89 2688.67 17181.21 1432.95 1638;
373,372.64 76.9 1571.35 10011.35 5753.37 1400;
374,337.23 77.95 1428.64 9761.28 4583.49 1400;
375,424.19 77.89 1862.98 13700.62 4426.66 1400;
376,372.98 45.41 1645.68 9072.77 5503.54 1400;
377,368.36 65 1512.5 11998.14 3376.21 1400;
378,377.87 74.51 1540 9423.95 3359.46 1400;
379,381.13 74.57 1785.24 12541.61 4741.91 1400;
380,422.07 101.53 2712.71 14240.84 2533.76 1400;
381,375.02 139.63 1522.15 19948.02 1914.85 960;
382,271.49 90.57 965.9 13675 1891 960;
383,NA NA NA NA NA 1615;
384,NA NA NA NA NA 1615;
385,383.73 93.05 3298.32 16085.31 1985.51 1735;
386,108.7 55.81 3141.41 16294.93 24189.26 1697;
387,311.49 87.36 1207.66 14710.62 858.96 1609;
388,486.09 114.96 5165.71 38603.97 1593.16 1609;
389,294.94 83.87 1131.79 16189.17 3151.71 1609;
390,311.52 101.41 2632.41 16402.54 1210.87 1609;
391,463.81 67.24 2298.03 11927.06 3623.28 1629;
392,399.91 76.18 2105.89 11198.08 3703.95 1629;
393,333.08 83.5 4200.72 12925.03 4651.07 1629;
394,307.95 76.21 1912.38 9808.17 6729.89 1629;
395,351.82 76.86 2103.74 11131.9 5004.63 1629;
396,347.62 70.09 2222.93 12593.23 3686.76 1629;
397,355.03 91.78 2440.67 12602.39 5394.79 1629;
398,392.17 67.91 2208.27 12378.78 7040.34 1629;
399,310.91 79.52 1873.21 9725.21 7651.92 1629;
400,244.62 52.68 5824.23 18568.15 33572.59 1629;
401,337.95 68.75 2015.68 11103.55 8609.73 1629;
402,321.95 74.55 1952.39 10982.92 6097.22 1629;
403,171.84 30.24 3541.72 17006.33 45603.58 1629;
404,321.6 101.29 2366.91 16792.67 2533.77 1609;
405,317.86 66.1 783.03 15221.19 1630.84 1630;
406,184.24 38.73 3469.65 11731.59 49024.19 1727;
407,398.05 90.04 847.04 16949.63 2166.78 960;
408,300.8 88.51 864.17 15529.45 1836.51 960;
409,413.06 58.09 2264.64 22359.56 2128.3 1460;
410,285.44 66.63 2544.33 18348.94 1718.37 1460;
411,429.53 80.4 1889.72 24873.42 3578.96 1460;
412,331.98 38.9 1887.58 18403.36 7253.6 1460;
413,272.89 77.58 2690.99 9216.89 1173.14 1460;
414,321.91 44.17 2944.43 18477.67 1869.54 1460;
415,399.96 85.75 2697.5 20073.8 1362.91 1460;
416,276.44 71.74 2007.25 13448.59 1322.45 1460;
417,359.91 63.32 3039.74 18041.79 3092.86 1460;
418,367.12 76.24 2481.51 13351.35 5072.3 1629;
419,375.37 47.43 1916.2 20642.21 1553.11 1460;
420,337.82 32.34 2082.47 18052.72 1786.69 1460;
421,297.63 45.67 3150.01 14950.88 2105.55 1460;
422,317.25 84.19 2160.78 20669.98 5964.16 1460;
423,354.61 44.96 2584.31 21013.25 2345.64 1460;
424,358.99 54.35 3444.63 14610.77 3057.92 1460;
425,380.07 36.28 1846.88 21379.67 4451.19 1460;
426,162.39 57.51 3616.86 6850.96 1696.31 1460;
427,469.95 78.42 1852.01 23500.19 1403.73 1460;
428,324.39 32.22 2586.67 17500.7 1643.95 1460;
429,308.79 73.51 3621.34 16121.14 3718 1460;
430,322.47 47.29 2688.99 18055.02 1929.17 1460;
431,343.11 51.15 2015.88 19090.82 3407.69 1460;
432,346.17 46.05 2143.22 19298.93 1810.48 1460;
433,309.31 34.46 2152.22 17564.01 4673.83 1460;
434,341.6 38.91 1741.77 18680.43 6187.92 1460;
435,288.29 46.51 2310.41 16303.21 5720.3 1460;
436,363.32 46.06 2059.82 20158.49 3400.44 1460;
437,391.61 65.57 2375.34 21112.52 2674.89 1460;
438,338.64 45.77 3225.66 19366.12 1784.81 1460;
439,330.8 32.24 2116.43 18105.42 2246.12 1460;
440,352.94 32.08 1926.6 19039.17 2982.32 1460;
441,379.94 55.92 1689 19946.78 1794.04 1460;
442,321.23 38.88 2426.43 17228.75 2324.52 1460;
443,389.38 43.39 1996.96 19817.56 1472.15 1460;
444,342.9 58.87 2787.84 18966.66 1929.32 1460;
445,394.29 46.01 1980.88 20423.59 1714.48 1460;
446,329.9 52.28 2845.16 17443.21 4332.8 1460;
447,408.45 52.65 2081.51 18966.13 1916.34 1460;
448,319.11 45.46 3157.53 16578.21 5957.55 1460;
449,292.78 45.68 2576.01 19577.9 4232.16 1460;
450,355.23 51.47 2265.81 19949.36 2473.62 1460;
451,320 44.87 2213.61 20141.44 4720.79 1460;
452,400.17 60.54 3590.19 17171.04 4372.55 1460;
453,356.97 54.28 2208.36 19900.55 3202.94 1460;
454,363.7 52.03 3683.6 15826.13 3716.21 1460;
455,193.47 94.86 832.2 10183.89 1713.57 1370;
456,208.56 115.56 2938.27 10261.67 3805.42 1370;
457,237.55 84.74 1508.13 12413.36 3738.91 1370;
458,414.12 68.42 2275.24 13181.88 4522.54 960;
459,338.86 100.97 3009.36 11964.05 4815.71 1550;
460,557.31 69.17 3870.47 19061.82 2329 960;
461,296.56 141.55 1655.58 11452.59 10152.29 1550;
462,255.08 163.7 784.49 17679.93 2709.36 960;
463,252.02 75.23 3955.58 11431.27 7003.54 1550;
464,315.7 91.57 2304.83 13478.39 5619.38 960;
465,374.62 81.38 3951.21 13774.42 4008.01 1656;
466,400.23 114.62 1143.06 17056.08 1736.5 960;
467,905.28 139.72 2439.94 13317 5415.35 960;
468,282.81 52.19 1329.09 18504.32 1341.75 960;
469,518.68 86.76 3594.61 14136.83 4700.86 960;
470,370.23 81.71 4025.65 13964.79 3846.49 1656;
471,336.39 73.18 2519.47 16215.59 3118.29 960;
472,457.22 86.54 1637.31 12719.46 4719.38 960;
473,409.64 84.44 4301.55 14430.01 3689 1656;
474,403.67 78.34 4091.94 14517.67 4238.03 1656;
475,567.31 98.18 4824.3 21272.2 4575.56 960;
476,288.66 61.33 4356.23 11056.06 6919.15 960;
477,317.78 93.12 2502.38 11277.95 1890.32 960;
478,340.94 122.16 1130.97 20226.11 1821.93 960;
479,500.53 93.65 2846.75 25707.5 2687.81 960;
480,338.11 70.4 4466.11 12657.49 4560.51 1656;
481,353.75 81.65 3934.68 13722.72 3470.04 1656;
482,486.31 111.04 4012.17 16704.95 4025.04 960;
483,356.22 64.18 3756.7 13656.79 3712.92 1656;
484,386.25 76.96 3957.6 13935.41 3864.65 1656;
485,603.99 103.73 3327.02 17587.86 6113.51 960;
486,363.67 75.14 3934.35 13402.64 4046.16 1656;
487,387.6 72.82 4092.22 15095.35 3771.73 1656;
488,271.27 99.61 2001.55 14294.17 3687.8 1656;
489,353.65 113.44 3706.41 16156.6 3792.61 960;
490,277.78 97.77 1822.22 14637.91 3152.55 1656;
491,316.59 87.85 918.61 12822.03 2138.85 960;
492,149.24 35.24 7469.21 10180.93 21733.19 1656;
493,319.59 96.33 1673.98 15056 1329.62 1629;
494,265.83 50.4 3974.45 13922.36 10644.53 1629;
495,280.23 62.18 3650.08 13808.61 16149.4 1629;
496,279.24 55.71 4342.3 13673.54 11889.92 1629;
497,257.56 57.01 3766.58 12139.07 16438.61 1629;
498,219.42 9.25 12903.28 11838.81 4025.15 960;
499,301.19 16.49 12715.75 10775.1 6328.91 960;
500,246.48 70.94 2188.93 14158.25 5910.95 1830;
501,279.06 58.28 2219.77 7741.62 10732.51 1500;
502,351.75 51.32 2553.01 18023.13 3439.06 1380;
503,270.03 60.54 2630.24 9522.68 3099.97 1370;
504,354.7 42.49 2667.65 10954.17 3351.22 1550;
505,225.18 89.9 1707.12 13219.19 3604.39 1830;
506,346.25 87.63 3237.08 17307.07 1392.75 1830;
507,769.87 62 11063.52 8226.09 6188.6 960;
508,321.79 72.91 2032.34 10982.13 7311.23 1629;
509,366.69 79.16 2236.64 12716.39 4852.94 1629;
510,297.3 101.92 1887.53 10227.83 3476.5 1629;
511,317.57 65.01 1997.84 9477.13 9900.25 1629;
512,318.04 75.33 1975.13 10854.38 3432.62 1629;
513,321.6 68.22 2076.05 11459.15 9241.34 1629;
514,378.18 67.56 2445.21 12744.4 5111.25 1629;
515,370.32 74.32 2544.77 13005.34 4728.36 1629;
516,163.15 61.75 2747.06 8529.84 1241.97 1500;
517,198.61 68.11 1102.67 10251.78 1588.32 1500;
518,208.33 55.5 872.52 10801.8 1199.06 1500;
519,206.89 65.05 1141.14 10617.8 1561.08 1500;
520,357.01 75.4 2226.41 11213.62 4295.76 1629;
521,338.62 78.53 2115.45 11780.52 6488.5 1629;
522,328.05 63.56 2066.74 12216.72 6195.87 1629;
523,261.88 64.21 3473.34 13156.61 19625.88 1629;
524,255.17 72.78 3598.54 12276.15 17172.03 1629;
525,187.1 52.06 4637.13 17488.85 42328.1 1629;
526,211.54 52.27 4350.6 17512.29 47534.2 1629;
527,222.16 52.8 5483.96 15382.49 17142.62 1629;
528,183.04 29.6 3613.28 17180.8 51600.88 1629;
529,219.05 56.86 5470.02 15191.5 20147.2 1629;
530,217.68 35.68 6856.26 15782.76 47712.01 1629;
531,163.04 24.16 5169.19 17518.53 52331.41 1629;
532,337.01 72.32 2009.86 11222.1 5982.05 1629;
533,314.25 69.14 2288.57 10827.47 8261.98 1629;
534,373.8 73.3 2184.21 13438.3 3881.22 1500;
535,505.6 98.9 4624.26 31273.57 1646.5 1615;
536,233.52 40.27 6808.14 15360.75 42367.03 1629;
537,231.99 82.66 1815.51 10800.89 2239.82 1615;
538,245.27 50.39 3271.26 16260.95 44184.14 1629;
539,285.71 81.22 2147.82 15657.52 2265.31 1600;
540,275.33 74.83 1893.68 15558.69 1679.01 1600;
541,295.02 76.83 1097.34 14312.34 3710.14 1615;
542,292.39 74.75 848.39 14969.98 1417.18 1615;
543,301.9 82.96 1569.93 15032.72 3022.61 1613;
544,292.87 78.13 1146.55 14158.08 2464.67 1615;
545,237.12 76.85 963.04 10900.16 1227.37 1615;
546,299.67 82.64 1189.16 14159.63 2564.22 1613;
547,388.32 92.56 3981.84 27612.7 2512.31 1613;
548,282.22 65.18 1043.59 17908.97 1269.3 1615;
549,369.03 95.75 5026.56 34761.65 1333.47 1613;
550,335.47 78 911.87 16281.08 3921.05 1613;
551,739.46 131.01 3242.41 27013.12 1758.47 960;
552,346.64 92.55 1941.13 17914.92 1526.69 1380;
553,201.38 48.96 3921.56 10274.29 2278.24 1380;
554,709.99 119.33 5265.22 27409.67 2148.29 960;
555,863.52 143.24 2842.99 24403.47 2044.13 960;
556,585.75 94.77 5095.38 24609.71 1599.71 960;
557,629.14 118.2 3848.01 26782.16 2264.16 960;
558,607.78 112.37 2646.78 21608.86 2256.58 960;
559,511.06 107.54 3581.16 31320.75 1426.17 960;
560,703.87 101.46 3689.46 28360.29 3737.53 960;
561,712.41 121.38 4126.19 27985.28 3397.48 960;
562,573.99 121.8 3846.9 35268.89 2065.27 960;
563,730.83 112.73 3075.33 25867.91 2135.05 960;
564,719.9 124.66 3950.75 27827.85 2352.19 960;
565,591.67 139.74 3836.48 23084.88 3531.48 960;
566,474.06 114.64 6254.2 35322.07 2138.29 960;
567,738.65 117.42 3181.01 25706.55 2439.04 960;
568,740.87 128.42 3213.14 26045.38 1988.31 960;
569,742.81 132.24 3404.03 27242.71 2565.22 960;
570,334.6 88.71 1007.61 18310.25 3045.96 960;
571,359.59 84.48 1067.29 18173.69 791.33 960;
572,307.62 87.83 739.03 14511.14 2203.78 960;
573,339.74 85.39 996.62 16109.3 1210.78 960;
574,275.39 91.08 978.15 13716.03 2804.02 960;
575,285.84 75.92 1082.84 15368.99 2854.89 960;
576,383.19 102 897.62 19653.33 3228.25 960;
577,331.24 77.38 1145.96 15962.85 3552.85 960;
578,297.2 83.92 846.03 16638.02 1906.67 960;
579,409.27 148.12 3937.33 23230.73 1875.6 960;
580,253.6 93.18 1111.16 19685.52 8676.33 960;
581,354.67 85.73 1029.15 17037.86 1947.34 960;
582,264.58 92.43 718.42 14522.12 2952.5 960;
583,248.42 63.48 5021.99 14285.01 3401.7 1380;
584,280.38 88.64 704.62 15300.2 2085.29 960;
585,NA NA NA NA NA 1638;
586,668.67 109.62 4231.35 28359.52 2423.62 960;
587,612.35 107.87 3832.25 37582.31 3874.31 960;
588,639.77 129.82 3727.87 33730.96 1294.28 960;
589,579.31 116.75 4499.54 36365.34 3360.89 960;
590,693.42 115.04 1486.35 28481.6 2823.32 960;
591,628.4 110.02 3657.36 35905.32 1790.24 960;
592,517.54 151.12 5215.45 31933.96 2225.44 960;
593,542.38 124.09 3015.5 32404.92 1518.96 960;
594,601.67 135.95 6214.37 40051.91 3438.22 960;
595,705.9 130.68 3383.89 37120.5 2160.81 960;
596,545.56 123.18 4627.03 38367.73 1846.48 960;
597,460.39 99.58 4056.53 36297.37 2973.67 960;
598,540.73 137.18 4865.28 35752.72 2032.81 960;
599,665.85 127.22 4803.37 37572.11 1390.33 960;
600,629.59 149.43 4148.92 36415.41 1804.74 960;
601,602.45 139.22 4624.35 38116.05 1919.71 960;
602,554.12 136.91 4715.7 38702.72 1775.64 960;
603,719.78 114.49 3158.82 25689.23 1558.8 960;
604,738.65 163.81 5371.11 40233.67 3775.27 960;
605,605.6 154.49 5252.97 38576.83 2044.74 960;
606,551.46 123.4 3892.87 34348.48 1827.29 960;
607,586.91 105.83 4041.13 33725.41 1566.46 960;
608,831.74 129.18 3924.55 29141.5 2050.01 960;
609,545.84 105.24 4119.85 37262.08 1314.52 960;
610,558.68 119.11 3651.04 35291.63 2112.97 960;
611,411.15 159.38 3569.81 19833.38 4197.87 960;
612,713.12 130.3 3634.75 24943.58 2224.06 960;
613,630.42 131.77 5389.79 38963.25 3358.72 960;
614,671.85 128.81 2923.51 35010.61 1261.69 960;
615,617.53 158.8 5333.93 39126.77 2310.81 960;
616,599.05 121.88 4613.55 37588.03 1886.65 960;
617,285.2 86.56 765.79 13115.29 1532.61 960;
618,480.93 109.16 5333.04 37295.34 1932.41 960;
619,580.47 126.46 3812.09 40218.43 1234.6 960;
620,578.72 133.11 4368.88 35584.52 2854.65 960;
621,553.74 119.45 4466.54 38201.14 1659.89 960;
622,580.99 115.11 4976.97 36529.39 3035.91 960;
623,525.03 127.73 5731.86 42156.79 1882.97 960;
624,575.99 132.7 6556.57 42085.85 2161.55 960;
625,646.37 112.47 1597.27 26101.53 3046.01 960;
626,340.98 87.29 912.66 16498.41 1211.15 960;
627,414.76 103.97 1067.06 22108.11 1587.46 960;
628,412.56 105.98 3396.66 21855.71 2257.8 960;
629,315.35 103.74 954.75 14825.16 2437.18 960;
630,349.53 66.7 1018.52 14904.54 1576.87 960;
631,394.21 90.18 1076.34 18203.15 1326.27 960;
632,339.21 102.74 956.55 17459.7 4364.74 960;
633,405.24 104.37 853.53 18753.12 1246.53 960;
634,347.53 79.58 876.8 16757 2984.33 960;
635,324.96 99.82 1012.07 15001.93 1934.53 960;
636,420.2 111.6 3324.37 22355.97 2275.65 960;
637,414.48 116.25 1198.35 20337.38 1439.57 960;
638,419.73 79.84 1642.5 12554.32 5186.83 960;
639,396.86 102.57 1040.69 18964.73 1284.91 960;
640,330.18 80.37 1138.21 18645.71 3540.37 960;
641,407.85 106.13 822.15 18703.3 2495.56 960;
642,279.66 83.43 784.15 13585.3 1983.08 960;
643,449.48 148.96 4192.64 21947.59 1917.69 960;
644,409.22 110.28 1023.14 18883.31 1620.01 960;
645,273.36 83.5 885.17 14597.22 1279.69 960;
646,449.14 132.55 3966.1 22519.28 2054.9 960;
647,371.25 95.33 857.06 18285.92 910.03 960;
648,404.05 98.45 905.86 17843.91 1476.1 960;
649,389.89 98.84 992.22 18686.08 2753.55 960;
650,320.3 103.4 856.49 14561.24 2112.23 960;
651,329.01 79.32 1306.1 14216.16 2488.78 960;
652,331.27 82.07 878.32 12578.23 2178.04 960;
653,348.45 94.28 951.97 16482.76 2012.11 960;
654,416.61 105.17 865.43 18772.12 1139.33 960;
655,442.06 101.37 1097.82 20919.73 3650.34 960;
656,302.29 95.71 1257.24 15050.33 2087.09 960;
657,354.62 90.13 810.19 17226.25 2840.2 960;
658,396.19 105.46 936 17279.44 2408.66 960;
659,389.11 102.22 1045.02 18713.57 1650.17 960;
660,307.48; 609.5 93.43; 131.09 3520.0; 1487.42 16375.58; 34177.23 2087.09; 1964.18 960;
661,341.43 102.84 815.06 17619.51 994.38 960;
662,316.11 69.87 789.64 14868.88 840.39 960;
663,315.37 100.22 785.59 15210.7 1673.38 1630;
664,311.13 110.9 924.71 14690.03 1757.51 1630;
665,294.4 83.23 904.67 14881.07 1148.08 1630;
666,842.23 108.21 6413.57 31519.55 1684.54 960;
667,485.34 120.04 6068.22 35089.93 2020.57 960;
668,484.77 116.37 5611.48 35232.77 1773.45 960;
669,286.27 80.25 842.49 14368.15 1998.99 960;
670,324.77 70.6 3099.93 8368.82 1778.77 1609;
671,324.89 112.19 1985.03 16204.35 803.04 1609;
672,365.35 106.01 2589.66 18531.29 1832.47 1609;
673,375.03 100.21 2550.94 18642.4 2788.1 1609;
674,373.75 97.29 2517.7 19049.15 2185.42 1609;
675,337.34 100.5 2143.96 16271.59 1016.25 1609;
676,312.98 114.45 1662.43 15687.83 780.47 1609;
677,374.3 102.01 2585.61 18723.76 2812.36 1609;
678,336.69 106.26 2130.56 16168.35 1065.45 1609;
679,344.87 108.41 1397.61 17897.42 2396.76 1609;
680,258.78 67.76 2335.79 8346.46 4376.78 1609;
681,275.18 96.67 2621.73 13950.83 3667.63 1609;
682,212.67 83.2 3863.69 10619.41 811.2 1609;
683,282.15 99.05 1695.67 14463.15 1047.17 1609;
684,333.66 104.63 1837.36 16800.36 2649.5 1609;
685,392.69 95.34 2491.24 12417.74 3799.95 1609;
686,290.92 105.87 2078.6 14737.15 2809.78 1609;
687,314.38 100.8 2137.13 16118.57 3122.63 1609;
688,410.38 68.17 2534.13 13385.48 3504.53 1609;
689,296.84 108.72 1521.82 15218.63 1141 1609;
690,286.76 101.12 2124.53 14821.07 2062.92 1609;
691,352.45 77.9 2233.45 11726.14 3572.74 1609;
692,297.06 108.99 1920.16 15390.71 1029.65 1609;
693,292.35 97.95 1379.77 16243.23 3330.68 1609;
694,351.1 115.8 2010.81 16571.78 1228.85 1609;
695,310.13 75.57 2466.73 10627.15 4273.83 1609;
696,311.7 116.28 1650.33 16586.77 1167.27 1609;
697,371.59 114.13 2211.68 17934.57 2023.16 1609;
698,357.71 120.42 1991.72 17853.82 1739.54 1609;
699,328.57 103.12 2032 16247.64 1296.41 1609;
700,330.05 114.13 2189.81 16070.53 828.28 1609;
701,335.38 119.45 1793.03 16793.84 1258.95 1609;
702,333.34 113.7 1691.4 16702.31 2443.66 1609;
703,355.16 108.18 1883.87 16895.17 1279.83 1609;
704,392.91 95.47 4058.87 13881.04 5408.44 1609;
705,298.92 104.02 1577.48 15249.47 1952.38 1609;
706,308.75 109.62 1249.78 15102.16 1529.23 1630;
707,295.68 75.61 1518.55 14517.73 1303.48 1630;
708,298.33 108.4 1900.38 15351.84 1555.69 1630;
709,291.78 74.71 1976.73 14873.73 1184.61 1630;
710,304.87 64.04 745.94 15045.3 1686.37 1630;
711,294.49 75.78 1625.84 14692.11 1261.67 1630;
712,320.97 100.14 864.58 15340.94 3383.06 1630;
713,301.9 80.93 1114.95 15199.26 1461.71 1630;
714,278.21 72.28 1784.39 14265.41 1475.09 1630;
715,233.02 112.4 924.43 15534.5 1208.33 960;
716,316.91 95.71 3241.65 15581.35 3654.27 960;
717,452.52 115.73 5659.79 21923.2 4911.23 1830;
718,453.96 110.08 5628.61 20928.09 6168.21 1830;
719,304.67 66.62 2487.2 7760.92 7994.15 1500;
720,249.29 81.96 910.04 12594.78 3588.27 1615;
721,191.83 36.58 14264.18 13314.39 6183.66 900;
722,351.99 73.4 2026.48 12111.47 5165.89 1615;
723,276.79 62.41 1419.87 7080.25 4605.28 1615;
724,273.57 89.44 2112.66 13424.66 2647.21 1615;
725,360.98 149.49 1666.39 18804.88 620.6 1613;
726,346.87 93.98 2506.51 19079.42 1973.11 1615;
727,315.85 59.36 1743.14 11833.43 2863.9 1615;
728,298.6 67.67 1605.45 10055.32 5002.77 1615;
729,96.89 29.08 673.67 5213.24 2150.14 1613;
730,218.94 73.32 1545.11 12301.39 2494.11 1613;
731,319.97 101.81 1537.14 16390.8 701.68 1613;
732,351.68 85.11 4469.17 14510.76 3767.63 960;
733,523.19 122.62 4216.82 32095.38 1895.31 960;
734,241.26 42.74 6558.56 16391.39 19976.96 1630;
735,250.01 77.13 1632.01 14858.67 5609.49 960;
736,244.7 38.33 11980.1 5617.5 11323.41 960;
737,97.15 16.94 4210.15 10369.38 6023.96 960;
738,285.9 82.29 2521.09 12089.61 4330.26 960;
739,355.59 142.71 2672.89 19287.78 2213.6 960;
740,235.77 107.94 1209.74 11254.23 1534.56 960;
741,596.47 128.26 1730.57 22769.58 3604.2 960;
742,447.69 84.4 2246.48 14796.57 5982.94 960;
743,310.74 84.89 2062.53 13404.06 3369.36 960;
744,486.37 84.46 1693.54 12252.61 5049.32 960;
745,213.35 63.36 2522.92 11176.2 5533.23 960;
746,286.02 98.62 1799.43 15420.57 5871.07 960;
747,361.56 64.83 1893.69 11300.03 5052.59 960;
748,321.97 71.2 3393 15641.52 1982.32 960;
749,340.25 76.97 1275.91 12107.33 3814.96 960;
750,327.83 80.91 4957.21 13479.11 3352.12 960;
751,437.05 135.25 1888.28 21003.13 2391.92 960;
752,314.53 76.26 2590.38 14218.08 9207.55 960;
753,428.17 75.15 2055.03 12731.51 5911.59 960;
754,423.22 84.35 1580.29 12447.3 4356.19 960;
755,319.89 57.1 1455.13 16734.68 1723.29 960;
756,281.61 82.61 2510.49 14290.82 3339.68 960;
757,310.88 78.14 2888.28 14472.65 4571.21 960;
758,338.95 71.67 3533.53 14543.2 6204.37 960;
759,240.65 109.08 1301.68 11935.97 1320.77 960;
760,319.41 76.1 1830.91 10548.71 5754.82 960;
761,294.02 61.62 1866.23 14632.49 3711.31 960;
762,258.04 73.18 2200.19 12706.31 2692.72 960;
763,434.78 21.53 12439.42 13644.87 9289.3 960;
764,222.95 19.68 9573.72 5296.82 22933.18 960;
765,477.23 33.06 20388.19 17863.94 13646.29 960;
766,293.92 35.51 22479.52 12352.48 13975.25 960;
767,452.49 73.13 1967.39 13092.26 5556.9 960;
768,453.37 88.78 1792.94 26261.86 3955.04 960;
769,487.97 77.75 1907.23 13518.38 8382.48 960;
770,434.94 103.82 2224.9 19727.91 2209.32 960;
771,465.97 93.19 1952.38 13017.81 5774.35 960;
772,498.33 87.61 2072.87 13090.06 4082.16 960;
773,423.29 83.69 4649.87 27838.54 4056.06 960;
774,360.29 89.1 2437.29 17891.31 3600.48 960;
775,279.86 114.56 1918.58 11591.19 9660.07 960;
776,327.22 89.59 2028.94 16513.11 2449.18 960;
777,541.19 120.2 1522.7 20175.8 2899.91 960;
778,524.11 76.37 1731.55 12994.03 5144.82 960;
779,343.32 47.25 3638.23 15279.8 5955.69 960;
780,147.09 55.69 8126.07 2837.72 8924.25 960;
781,352.13 103.83 2123.73 16547.73 1612.6 960;
782,417.94 73.37 2304.47 22101.4 4744.34 1460;
783,413.78 73.11 1526.14 13363.14 3833.03 960;
784,264.24 80.92 1888.27 13552.42 2257.13 1630;
785,338.56 75.47 3067.8 9753.39 6636.61 1630;
786,187.79 30.78 3687.39 15099.37 11248.41 1630;
787,689.15 162.44 8270.57 29195.99 3926.63 1630;
788,821.43 177.27 8287.75 32497.41 4964.8 1630;
789,762.52 163.13 8195.57 32009.89 4484.86 1630;
790,350.39 63.37 6617.72 29920.75 5564.39 1630;
791,251.43 55.38 3038.36 11114.83 5575.84 1630;
792,557.18 73.99 6170.78 36970.01 7004.92 1630;
793,182.18 53.13 5928.65 21715.65 5972.55 1630;
794,211.69 33.06 10297.08 16194.06 21105.56 1630;
795,262.12 72.23 1804.32 15246.26 6157.62 1630;
796,275.41 38.69 6098.15 20282.02 35779.35 1630;
797,168.32 25.32 6652.42 16403.7 28032.54 1630;
798,233.99 40.19 11487.69 14760.77 22371.81 1630;
799,350.2 56.33 6302.14 30461.56 5881.9 1630;
800,NA NA NA NA NA 1638;
801,NA NA NA NA NA 1638;
802,NA NA NA NA NA 1600;
803,NA NA NA NA NA 1685;
804,NA NA NA NA NA 1613;
805,NA NA NA NA NA 1613;
806,NA NA NA NA NA 1638;
807,NA NA NA NA NA 1638;
808,NA NA NA NA NA 1638;
809,NA NA NA NA NA 1638;
810,NA NA NA NA NA 1638;
811,NA NA NA NA NA 1638;
812,NA NA NA NA NA 1638;
813,NA NA NA NA NA 1638;
814,347.96 115.95 1025.13 19768.29 2195.73 1579;
815,NA NA NA NA NA 1735;
816,NA NA NA NA NA 1685;
817,169.52 23.75 7216.58 16245.52 30747.54 1630;
818,NA NA NA NA NA 1613;
819,NA NA NA NA NA 1629;
820,NA NA NA NA NA 1615;
821,NA NA NA NA NA 1370;
822,NA NA NA NA NA 960;
823,NA NA NA NA NA 960;
824,NA NA NA NA NA 960;
825,NA NA NA NA NA 1400;
826,NA NA NA NA NA 1400;
827,NA NA NA NA NA 1697;
828,NA NA NA NA NA 1630;
829,NA NA NA NA NA 1609;
830,NA NA NA NA NA 1609;
831,NA NA NA NA NA 1609;
832,NA NA NA NA NA 1609;
833,NA NA NA NA NA 1579;
834,NA NA NA NA NA 1579;
835,NA NA NA NA NA 1579;
836,NA NA NA NA NA 1579;
837,NA NA NA NA NA 1579;
838,NA NA NA NA NA 1579;
839,NA NA NA NA NA 1579;
840,NA NA NA NA NA 1579;
841,NA NA NA NA NA 1579;
842,NA NA NA NA NA 1579;
843,NA NA NA NA NA 1405;
844,NA NA NA NA NA 1402;
845,NA NA NA NA NA 1400;
846,NA NA NA NA NA 1403;
847,NA NA NA NA NA 1401;
848,NA NA NA NA NA 1404;
849,NA NA NA NA NA 1380;
850,NA NA NA NA NA 1380;
851,NA NA NA NA NA 1380;
852,NA NA NA NA NA 1380;
853,NA NA NA NA NA 1500;
854,NA NA NA NA NA 1500;
855,NA NA NA NA NA 1350;
856,NA NA NA NA NA 1350;
857,NA NA NA NA NA 1350;
858,NA NA NA NA NA 1350;
859,NA NA NA NA NA 1350;
860,NA NA NA NA NA 1350;
861,NA NA NA NA NA 1350;
862,NA NA NA NA NA 1350;
863,NA NA NA NA NA 1350;
864,NA NA NA NA NA 1350;
865,NA NA NA NA NA 1350;
866,NA NA NA NA NA 1350;
867,NA NA NA NA NA 1350;
868,NA NA NA NA NA 1350;
869,NA NA NA NA NA 1350;
870,NA NA NA NA NA 1350;
871,NA NA NA NA NA 1350;
872,NA NA NA NA NA 1460;
873,NA NA NA NA NA 1460;
874,NA NA NA NA NA 1460;
875,NA NA NA NA NA 1460;
876,NA NA NA NA NA 1460;
877,NA NA NA NA NA 1460;
878,NA NA NA NA NA 1460;
879,NA NA NA NA NA 1460;
880,NA NA NA NA NA 1460;
881,NA NA NA NA NA 1406;
882,NA NA NA NA NA 1460;
883,NA NA NA NA NA 1460;
884,NA NA NA NA NA 1460;
885,NA NA NA NA NA 1460;
886,NA NA NA NA NA 1460;
887,NA NA NA NA NA 1460;
888,NA NA NA NA NA 1460;
889,NA NA NA NA NA 1460;
890,NA NA NA NA NA 1370;
891,NA NA NA NA NA 1370;
892,NA NA NA NA NA 1550;
893,NA NA NA NA NA 1550;
894,NA NA NA NA NA 1550;
895,NA NA NA NA NA 1550;
896,NA NA NA NA NA 1300;
897,NA NA NA NA NA 1550;
898,NA NA NA NA NA 1550;
899,NA NA NA NA NA 1300;
900,NA NA NA NA NA 1300;
901,NA NA NA NA NA 1300;
902,NA NA NA NA NA 1656;
903,NA NA NA NA NA 960;
904,NA NA NA NA NA 960;
905,NA NA NA NA NA 960;
906,NA NA NA NA NA 960;
907,NA NA NA NA NA 960;
908,NA NA NA NA NA 1200;
909,NA NA NA NA NA 1200;
910,NA NA NA NA NA 1500;
911,NA NA NA NA NA 1830;
912,NA NA NA NA NA 1615;
913,NA NA NA NA NA 1380;
914,NA NA NA NA NA 1100;
915,NA NA NA NA NA 1100;
916,NA NA NA NA NA 1100;
917,NA NA NA NA NA 1100;
918,NA NA NA NA NA 1100;
919,NA NA NA NA NA 1100;
920,NA NA NA NA NA 1100;
921,NA NA NA NA NA 1100;
922,NA NA NA NA NA 960;
923,NA NA NA NA NA 1100;
924,NA NA NA NA NA 1100;
925,NA NA NA NA NA 1100;
926,NA NA NA NA NA 1100;
927,NA NA NA NA NA 1100;
928,NA NA NA NA NA 1100;
929,NA NA NA NA NA 1100;
930,NA NA NA NA NA 1100;
931,NA NA NA NA NA 1100;
932,NA NA NA NA NA 1100;
933,NA NA NA NA NA 1100;
934,NA NA NA NA NA 1100;
935,NA NA NA NA NA 1100;
936,NA NA NA NA NA 1100;
937,NA NA NA NA NA 1100;
938,NA NA NA NA NA 1100;
939,NA NA NA NA NA 1100;
940,NA NA NA NA NA 960;
941,NA NA NA NA NA 1615;
942,NA NA NA NA NA 1613;
943,NA NA NA NA NA 900;
944,NA NA NA NA NA 900;
945,NA NA NA NA NA 900;
946,NA NA NA NA NA 900;
947,NA NA NA NA NA 900;
948,NA NA NA NA NA 900;
949,NA NA NA NA NA 960;
950,NA NA NA NA NA 960;
951,NA NA NA NA NA 960;
952,NA NA NA NA NA 960;
953,NA NA NA NA NA 960;
954,NA NA NA NA NA 960;
955,NA NA NA NA NA 1630;
956,NA NA NA NA NA 1630;
957,NA NA NA NA NA 1630;
958,NA NA NA NA NA 1630;
959,NA NA NA NA NA 1630;
960,NA NA NA NA NA 1630;
961,NA NA NA NA NA 1630;
962,NA NA NA NA NA 1630;
963,NA NA NA NA NA 900;
964,NA NA NA NA NA 900;
965,NA NA NA NA NA 900;
966,NA NA NA NA NA 900;
967,NA NA NA NA NA 900;
968,NA NA NA NA NA 900;
969,NA NA NA NA NA 900;
970,NA NA NA NA NA 900;
